994 3573.07 7640.18 3891.52 4837.53 4798.63 4016.36 4209.45 4402.35 4829.02 5355.02 2911.74 4548.45 Wilmington DE 75526 113-7834 Nam Av. 
554 3110.2 4942.96 5380.14 5833.74 6036.64 6240.84 3292.74 4873.1 6931.07 4652.61 6435.76 4591.21 NewportNews VA 43052 Ap #142-9347 Urna Av. 
683 5454.64 3804.06 3990.72 5398.07 5265.51 6074.91 6056.05 5559.85 4949.76 5243.07 4931.54 4136.76 Nampa ID 94910 "P.O. Box 564, 631 A Avenue" 
792 4218.31 3136.89 6538.37 4401.89 4893.04 6062.43 3871.36 5964.09 5260.57 5181.49 5305.36 5361.68 Chattanooga TN 46033 3614 Aliquet Ave 
151 3854.38 5244.5 4163.23 4483.04 6347.26 4907.48 3520.47 4181.49 4532.64 5686.51 4656.45 4155.27 PikeCreek DE 66198 5323 Nec Av. 
584 6012.12 3385.26 5267.46 2571.69 3497.88 5402.04 6647.1 5151.12 6225.06 5824.04 6470.85 3612.6 Wyoming WY 73603 Ap #183-6537 Commodo St. 
580 4105.07 6476.23 3992.35 4956.02 3402.88 5451.37 4039.98 3497.98 3836.18 6070.96 5231.36 5026.94 Allentown PA 21012 Ap #986-128 Sociis Av. 
809 6034.33 3761.79 4586.46 5254.36 5065.31 4391.33 5339.39 4428.01 4174.42 5458.72 6534.91 4835.92 CarsonCity NV 46921 677-6505 Suspendisse St. 
658 4397.49 5801.37 4995.59 5993.52 5335.15 5714.74 4383.11 4727.69 5880.46 4911.42 6009.35 5392.61 Olympia WA 19467 "P.O. Box 153, 8192 Risus, Street" 
210 4206.1 4848.64 4849.12 5666.28 3514.23 5785.1 5153.97 4306.04 5033.24 5135.74 3774.33 5265.89 Bellevue NE 71299 764-1830 Quis St. 
112 5695.4 6233.09 5279.03 6121.98 4161.35 5575.22 5303.1 4396.6 4209.89 2924.64 5400.44 6842.54 KansasCity KS 78992 Ap #822-727 Natoque St. 
731 3616.89 3575.68 4357.35 4376.23 4750.53 4540.09 5766.33 4307.58 3125.91 5535.39 1959.55 5026.64 ColoradoSprings CO 71792 2563 Cum Rd. 
161 4263.46 4410.1 4260.35 6600.39 4515.71 3721.2 5497.88 4128.54 5718.46 4181.22 3811.74 4686.37 Jackson MS 62735 Ap #252-1365 Cras Street 
556 5723.94 3509.55 3476.48 4713.16 4686.14 5086.3 4637.55 5824.14 4812.84 4475.25 7325.07 4675.11 Cheyenne WY 13894 Ap #395-4316 Dolor Av. 
249 5006.42 6099.3 7355.63 4679.27 3851.06 3272.78 5322.12 5360.79 4709.13 4936.66 4580.22 4234.71 Auburn ME 86618 "P.O. Box 518, 1234 Sed Av." 
124 7025.43 3402.97 6909.83 5723.79 5112.86 5128.33 3592.72 5126.51 5599.95 4627.69 4628.82 5847.37 Boise ID 54676 "P.O. Box 989, 1537 Auctor, St." 
181 4349.84 4938.59 5266.77 3604.41 5212.11 4967.55 5046.0 4528.52 5966.08 5918.92 4072.72 5854.37 SanJose CA 92480 "P.O. Box 171, 9647 Eu, Road" 
522 4290.95 5330.59 5212.63 3947.98 5359.21 3626.78 4261.94 3396.51 5034.88 5993.96 4941.4 4595.34 Columbia MD 69818 4252 Ullamcorper Ave 
609 5669.01 5033.07 3887.94 4957.79 5294.15 6648.86 5051.17 4143.18 5373.84 4845.17 5882.65 5718.63 IowaCity IA 71832 916-3514 Nibh Road 
715 3830.4 4903.23 3925.59 4381.21 4310.56 4050.86 4371.47 4216.66 5221.6 4681.82 4058.87 4616.84 Cambridge MA 19543 Ap #561-7530 Integer Ave 
540 2849.51 4867.78 5211.23 5351.27 6021.39 6607.01 5276.86 5782.02 4208.39 5908.66 3837.2 4219.14 Dallas TX 92648 2162 Et St. 
177 4410.57 5907.28 4660.76 4262.26 4043.2 5177.48 6827.39 6453.81 6508.79 4966.43 5832.71 4351.3 Minneapolis MN 29978 "P.O. Box 167, 9182 Ipsum Rd." 
296 5072.71 6889.15 7308.28 6407.14 4382.14 3889.66 5954.88 4148.81 4924.22 4975.65 6236.71 4304.54 Cambridge MA 55697 8773 Commodo Road 
837 4459.04 5481.06 6142.13 4515.26 4609.06 4737.23 5116.78 5689.95 6315.78 4526.96 4697.0 5904.55 Lowell MA 84801 387-5149 Faucibus St. 
748 5168.9 4381.85 5062.88 4679.6 5257.92 4438.67 4078.31 3888.98 3807.25 6500.94 4549.32 2391.36 Allentown PA 68977 "546-705 Vulputate, Rd." 
669 4584.94 5648.17 5591.38 4771.17 4967.12 4098.49 6869.65 6430.39 4489.96 4779.27 5683.78 3968.17 Hillsboro OR 44200 "P.O. Box 743, 8143 Pellentesque. Avenue" 
167 4161.66 5848.63 5223.37 4864.83 4731.68 5129.82 5114.43 5398.88 5756.31 3035.13 3862.88 4456.26 Rochester MN 73287 "P.O. Box 354, 3439 Dis Street" 
600 4687.89 6135.14 5909.51 5733.61 7158.02 4596.27 5093.17 5083.2 5786.84 5515.39 4896.15 4926.89 ColoradoSprings CO 34395 163-6754 Penatibus Av. 
870 3976.33 7181.5 5912.45 4761.34 4641.26 5199.14 4944.72 5130.16 4360.62 2958.68 4837.63 4331.54 Seattle WA 23028 "214-5671 Est, St." 
194 4988.87 5163.47 5156.55 4282.79 5411.89 3645.94 4355.1 6698.61 4671.71 6451.21 6360.62 5061.01 Lafayette LA 29207 "P.O. Box 470, 8431 Malesuada Street" 
115 5551.74 3429.63 3738.07 4438.08 5450.88 6086.24 6219.65 4047.27 3087.16 4610.81 5592.08 5068.15 Nashville TN 92618 "4620 Amet, Av." 
438 6978.47 4339.38 3850.12 5521.78 5296.57 5686.33 5694.9 4969.52 3277.32 4726.52 4991.56 4064.22 Portland ME 46700 7478 Morbi Ave 
401 4668.25 3413.85 4002.17 5480.14 5159.88 5188.81 5340.03 3652.21 6380.94 4176.78 5788.3 5946.24 Chesapeake VA 26799 4862 Conubia Ave 
324 4803.99 3783.34 3348.49 5687.27 6555.65 4649.08 6237.0 4592.7 6416.91 5367.88 5262.31 6318.43 Lowell MA 50402 4495 Fermentum Rd. 
127 4508.58 4248.7 4913.97 5479.4 5882.48 5530.2 4035.78 4171.81 4714.5 4896.02 5690.76 4142.16 Aurora CO 89607 289-5260 Tellus Road 
428 5572.12 4881.25 4965.59 4690.09 4982.99 4797.72 5115.94 5721.48 6276.49 5120.07 5008.72 4128.37 Olympia WA 37646 Ap #568-6442 Nam Street 
176 5128.08 4641.6 6482.73 6142.96 4781.38 5410.85 3798.75 5362.13 4162.42 5096.51 7051.72 5107.44 Columbus OH 77718 1261 Nunc Ave 
612 3767.11 3562.49 3951.41 5125.67 5706.09 3663.54 5603.5 4403.69 5129.91 5306.08 5212.0 5068.2 Spokane WA 82254 "Ap #255-8596 Magna, Ave" 
248 5112.78 4374.64 5718.07 4443.72 5746.73 5127.87 6646.52 6167.05 5671.33 4261.36 5353.2 2483.32 CedarRapids IA 55842 "P.O. Box 714, 5612 Luctus, Road" 
517 6510.01 4917.73 5786.4 4282.46 4705.2 5422.03 3137.24 5666.15 4775.03 6061.6 6496.14 3406.78 Annapolis MD 46030 Ap #248-697 Tellus. Ave 
880 6434.73 5722.34 4570.33 5640.03 4207.67 6815.68 5876.45 5952.55 5773.91 3424.05 4195.66 4565.98 JeffersonCity MO 57430 576-5897 Tristique Road 
709 5715.23 5854.71 4005.48 5320.87 3678.71 4665.18 4920.15 3944.57 5282.62 4364.73 5376.34 5060.96 Waterbury CT 28276 "P.O. Box 312, 8994 Maecenas St." 
571 3004.6 4414.79 6417.25 3987.54 5611.33 3764.69 5373.73 6205.55 2661.38 3107.36 5747.72 4670.99 Olathe KS 55800 Ap #330-5475 Cum Avenue 
509 5317.97 4859.06 6349.19 3377.2 5092.25 3782.23 3803.89 3928.03 4542.21 4399.57 5279.18 6889.72 Henderson NV 17531 113-576 Consequat Avenue 
251 4704.51 6146.77 4382.18 4522.4 5310.81 6647.05 5421.43 5747.72 5677.33 4797.87 3628.49 3448.22 SanAntonio TX 92308 Ap #248-6329 Iaculis Road 
475 2971.01 3343.1 5039.22 6222.23 4517.38 4895.8 5426.25 5527.92 4958.41 5352.27 6028.56 6750.5 Denver CO 32814 5532 Integer Av. 
833 2672.49 5511.61 4209.45 6237.25 5043.09 6963.95 4090.93 5089.91 4909.12 4215.32 4478.83 5382.86 Seattle WA 97989 242-2217 Quis Rd. 
257 4976.33 5448.47 7102.92 3887.09 6369.85 5271.46 6232.26 5267.41 4230.5 4948.41 5011.76 4177.2 Independence MO 72627 "P.O. Box 247, 7136 Augue Rd." 
775 6687.09 4059.15 5141.48 4274.44 3860.87 5008.18 6767.65 5165.37 5002.94 5374.77 4113.32 4959.06 Eugene OR 87372 6605 Phasellus Street 
263 3603.23 3800.92 3106.4 4058.18 5217.7 4617.68 5264.87 5839.67 4795.28 5402.28 3747.03 5631.78 Tuscaloosa AL 35002 8517 Sapien Road 
312 4872.04 5320.05 3820.29 4416.21 6023.77 4309.23 5802.11 4959.02 4616.95 5814.79 5103.06 4060.95 Ketchikan AK 99795 627-2252 Vel Av. 
227 5608.18 5769.62 5250.92 5708.39 4307.47 6823.52 4810.09 4648.93 4871.2 4699.17 6580.28 2999.78 Tucson AZ 86844 5463 Pellentesque St. 
183 4297.45 5475.28 7309.37 6418.5 6052.13 3498.58 4925.84 4805.91 3112.89 4781.54 5160.63 6624.19 Lincoln NE 57185 992-5269 Metus. Street 
890 7308.84 4934.56 5443.5 5194.52 3377.68 4193.13 5325.53 4927.54 4053.61 4915.68 4517.4 4514.21 Columbus OH 13678 Ap #208-8876 Ante. Av. 
869 3969.83 5209.44 5579.93 3880.58 4809.07 6125.59 6302.56 3616.39 6113.74 6620.21 6029.75 5719.89 GrandIsland NE 66717 Ap #847-2899 Ipsum Rd. 
914 3997.8 3525.3 5385.25 5213.01 4292.25 5498.25 6559.17 5652.36 3865.93 4641.85 4858.07 5376.27 SouthBurlington VT 49410 Ap #401-5637 Viverra. Rd. 
329 4907.57 3857.02 6084.12 5631.22 4366.33 5197.25 4535.03 5506.94 7414.43 4444.94 4587.62 4343.07 Springdale AR 71320 "P.O. Box 651, 1732 Nulla. Road" 
128 6676.11 4505.16 4679.05 3101.98 4964.8 3853.15 4803.9 4221.83 4458.4 6307.97 3331.06 4941.56 Mobile AL 35970 "P.O. Box 952, 7678 Sed Rd." 
425 5123.54 4574.11 4841.03 6611.88 3314.34 4398.56 5167.96 4816.36 3651.45 5319.4 5037.97 5979.63 College AK 99788 Ap #509-5218 Nunc Street 
174 7039.78 6192.8 3913.32 5777.84 6263.54 3482.39 4734.41 6628.45 6163.96 6084.06 6423.69 3863.58 Stamford CT 64948 430 Sed Street 
518 4177.92 4708.97 5659.4 3107.56 4985.98 4328.86 5934.45 3486.63 3994.1 5501.04 4505.23 4449.19 SiouxCity IA 43484 Ap #893-6277 Nunc Avenue 
320 5493.4 5111.96 6607.06 5673.31 4319.21 5039.81 4354.43 6604.27 4075.13 5166.43 5390.28 5799.14 Lafayette LA 75754 "P.O. Box 982, 6155 Nec Road" 
576 6123.29 5749.3 4872.62 5869.98 4617.28 4748.07 5413.23 5343.36 3661.18 4774.27 4615.55 5113.52 SaintPaul MN 79485 914-696 Odio Rd. 
535 5510.85 6206.11 4123.59 7060.48 4746.74 5793.08 6368.34 4713.77 3451.36 3909.1 5331.22 7277.19 Ketchikan AK 99648 Ap #611-4150 Velit. Street 
377 4518.46 4297.55 6055.06 5686.5 4128.11 4578.05 4461.97 4028.87 5787.73 6343.39 4738.4 6934.7 Toledo OH 12660 Ap #241-808 Vel St. 
435 5770.13 4808.65 5739.75 6050.96 4565.79 4095.42 5532.07 4982.01 5601.83 5743.14 4015.24 3578.28 Wyoming WY 97568 Ap #289-4477 Nulla St. 
508 4631.34 4290.25 4811.28 5389.91 3673.31 4528.2 3901.12 4523.71 4609.92 6432.88 2743.22 5386.17 Burlington VT 50187 468-235 Suspendisse Rd. 
408 4556.41 5939.2 4671.7 6960.07 5279.28 7068.82 5190.48 6585.41 5535.96 4406.98 6357.85 4801.42 Austin TX 81021 137-4810 Aliquam Av. 
741 5818.12 4703.13 5972.89 5845.68 5347.68 6127.16 5950.19 4350.85 4284.9 6468.82 6518.01 6719.31 Jacksonville FL 35258 864-398 Nibh Avenue 
472 5075.75 4300.91 5047.02 3612.28 6165.62 3329.41 4959.65 4848.39 5000.04 4764.27 3810.44 5341.94 Norfolk VA 43326 284-595 Cursus St. 
245 4677.37 5182.56 5436.38 5499.2 4379.47 5034.19 5496.18 3715.52 5782.4 5919.6 5280.62 5789.07 RockSprings WY 13281 "P.O. Box 176, 4288 Vel Rd." 
441 5631.59 5015.61 5692.01 3945.31 4394.31 5254.63 5035.44 6699.9 4238.94 4844.19 3600.4 5845.14 Huntsville AL 35844 "P.O. Box 873, 1256 Orci St." 
140 4850.76 5377.02 5664.18 4415.63 5080.48 5127.92 5928.98 5181.81 5230.17 5465.29 4902.43 5691.8 Dover DE 62911 "P.O. Box 109, 7804 Lorem Rd." 
442 4288.82 3750.65 5354.66 5794.44 7430.55 3380.18 4779.78 4569.14 5573.43 3129.61 5020.56 6492.47 Shreveport LA 76949 238-531 Adipiscing Rd. 
359 4507.38 4940.09 5465.48 4935.82 5208.64 5150.41 5502.09 2432.77 4310.01 5378.65 3407.28 4149.26 Tallahassee FL 76743 Ap #766-6607 Ac St. 
595 4557.35 5323.31 4892.98 2853.91 4317.2 5050.18 5463.62 5408.68 6108.51 4426.21 6060.94 6767.42 Frankfort KY 91106 5826 Erat. Rd. 
834 3054.14 4035.51 6482.51 7121.42 4337.06 5392.07 3938.11 5272.61 6824.35 4142.04 5429.83 5013.32 Toledo OH 91824 7049 Ac St. 
997 4596.67 5529.39 4816.84 6061.25 4918.22 3943.01 5939.53 3989.87 5744.39 4647.34 4802.73 5712.01 OklahomaCity OK 90027 Ap #944-7695 Nascetur St. 
891 5101.06 3904.23 5067.38 3533.31 3009.54 4679.75 4661.8 4353.36 3752.64 6880.85 4028.62 5268.47 Auburn ME 70572 "P.O. Box 313, 2597 Congue Road" 
142 5794.6 4928.26 5160.35 4141.29 3838.56 6517.84 7730.27 4385.12 4007.79 4756.46 5225.0 5509.56 Allentown PA 75013 6118 Mattis St. 
139 5151.84 5278.6 5447.01 5390.95 4377.31 3827.88 3674.76 4481.53 4275.01 5991.37 5012.13 6434.28 Memphis TN 90612 Ap #152-812 Tellus. St. 
363 6929.08 5626.35 3709.14 3849.71 4476.35 5359.74 3127.67 4968.89 3841.24 6772.93 4190.0 6166.17 FortCollins CO 54202 5559 Risus Rd. 
500 4011.0 5219.82 2998.07 4237.35 6659.27 3990.88 4293.55 3818.06 5526.04 5101.23 5057.85 5596.24 Burlington VT 69936 2808 Eleifend Rd. 
908 5581.96 5449.14 5716.8 4088.53 6544.73 2447.6 8137.44 5816.91 6251.17 4748.22 4353.04 4126.8 Allentown PA 64295 976-6535 Ridiculus Rd. 
924 5833.59 4760.29 6053.07 4898.61 6875.88 4321.2 3469.16 4139.79 5876.07 5347.68 5896.85 6723.74 Provo UT 25347 "882-4525 Ac, Av." 
250 3612.37 4465.37 5909.45 4153.07 4505.88 5497.15 4915.03 5087.12 4526.51 4847.37 4365.07 5934.01 WestJordan UT 77644 "Ap #412-1272 Placerat, St." 
652 5638.07 5530.95 6187.88 5135.59 4752.04 6410.53 4337.41 4916.73 6755.97 6673.68 5383.16 4791.89 FortWayne IN 49221 "P.O. Box 959, 7918 Ridiculus Avenue" 
800 3768.25 4181.9 5018.77 3464.73 6031.45 5313.42 5309.09 4931.41 4945.65 6667.87 6481.33 5293.78 SanFrancisco CA 96505 790-384 Nonummy St. 
945 5080.41 4725.55 3526.07 3194.61 5207.86 4334.54 5012.93 5061.81 5966.97 5387.85 5945.04 4728.87 Seattle WA 37091 4688 Pharetra St. 
827 5522.88 5429.76 6289.27 6472.95 6067.66 4028.86 5104.24 4551.27 6107.5 4973.55 6533.97 5953.84 SaltLakeCity  UT 18196 "305-6764 A, Rd." 
906 4737.72 3361.03 4201.36 6090.75 4499.21 4876.63 4835.76 4187.96 5019.8 6040.4 5001.55 5692.24 SterlingHeights MI 91381 "P.O. Box 218, 3874 Nisl. Rd." 
369 5728.75 7073.08 4796.06 4600.27 6347.65 2886.6 6511.11 5443.17 5150.95 7414.65 5054.96 3879.83 Vancouver WA 76437 "P.O. Box 278, 9683 Eu, St." 
237 5637.11 4202.04 5046.46 5700.67 4973.64 4429.85 6440.21 4751.86 5182.15 6101.59 4402.84 4456.44 Paradise NV 49712 185 Non Street 
446 6775.46 4409.0 5157.29 5075.21 6397.39 7279.43 4568.84 5701.78 5634.6 4208.37 5026.8 4123.52 Nashville TN 99927 323 Interdum Av. 
791 4673.58 5362.36 5795.88 3306.88 3907.63 4734.72 4233.3 5390.2 5164.44 4964.78 4683.28 4670.06 NewportNews VA 58519 7283 Ac St. 
531 4136.26 4171.44 5327.0 5938.48 5908.85 6517.19 2665.97 6371.2 3746.5 6558.6 4114.83 5099.36 Gillette WY 89692 "209-5138 Vel, Road" 
885 5036.33 2890.37 3577.03 4353.64 3049.2 5676.25 5035.79 4781.11 4882.68 5944.23 5664.15 4183.39 Lawton OK 64581 2994 Non Ave 
202 4698.51 6016.73 4671.4 4311.02 3915.66 3866.25 6034.13 4892.13 4942.68 5675.46 6223.79 5037.65 FortSmith AR 71585 4680 Arcu Av. 
270 4143.81 4890.61 3354.7 6219.95 4246.47 4899.34 4384.28 7589.05 5642.69 7680.83 5468.78 5667.05 Davenport IA 92934 "P.O. Box 778, 3024 Dui St." 
