26541
42378
48831
56316
52815
21876
83373
50079
27841
13018
17660
99886
17117
96877
70479
61528
65802
20449
88490
2955
43732
64812
87395
97124
44367
19399
63918
25819
14393
35399
28255
1709
5889
29756
92726
19038
27154
58948
76031
93740
85808
1064
84594
77059
38002
47306
12969
72483
31936
40052
36341
92458
28479
96569
75083
8596
90424
31614
42367
75929
5905
44474
46915
69164
64525
60338
66935
28387
75257
35442
32776
30182
13760
71958
35167
57342
69598
41341
63414
98796
28329
58505
28937
89895
73538
4036
32806
37775
71240
56343
19465
30865
15561
17520
48862
91636
34203
12410
32120
38999
55015
28781
59307
83391
88436
86678
69944
38686
78164
19214
26267
5224
94611
44185
68107
95528
59116
21529
73011
85992
49124
50049
43963
85406
46907
36525
35083
95220
78416
17224
61394
70870
87401
85216
73395
67865
34374
30914
63866
4210
21990
79606
66820
26534
39462
12515
67350
69263
63575
10354
9531
1570
78068
65329
32515
34647
18802
72551
55474
8042
33442
57811
63078
79027
94609
2334
81435
58639
4616
18974
58940
73467
33373
35381
6439
27426
64727
74067
25781
81120
13188
99900
30359
31771
16346
51164
19326
99989
90249
20577
81216
430
84793
21707
8872
93783
20612
57120
57559
66577
13758
899
90918
36827
33058
99217
31438
98539
29835
60019
54909
93858
83273
44431
20840
65808
46435
59745
35630
20674
55008
93010
11660
81333
26834
96847
50802
98833
88072
52845
81388
92096
55668
82437
23847
8702
33253
37881
96942
56483
87061
6961
16933
83405
87877
83472
73980
74593
79871
74077
30837
69470
74064
14675
4887
98573
5266
89283
74430
38787
4988
96804
61812
38909
40473
23321
45760
1420
49409
991
77129
31940
79935
20290
55476
2251
22492
97237
37953
72756
81866
48084
26315
80573
98407
59357
58814
32385
2076
48348
98860
72794
82222
76337
93386
9675
90957
90435
51718
90417
21312
70260
28854
70335
68664
68198
73099
77897
66682
28491
56735
64712
55728
5792
95034
31828
34326
14212
6084
95658
83255
38580
85364
43028
52867
26194
25052
26323
786
51582
66180
18265
94025
46557
27192
34868
60288
22658
32077
54886
2411
69797
57559
36130
68153
91541
11526
37647
96678
17344
94432
19226
50094
55120
13407
54549
56225
96806
50922
30490
40812
40799
83335
84790
92716
49748
7664
75180
27424
38053
43087
90758
67069
20055
44445
55175
52653
46328
48867
30385
57560
44668
63310
84782
34400
70506
11366
29605
93511
9126
78140
51968
17138
27131
95929
23282
67557
48656
34589
37501
91424
25699
92583
73223
97399
41289
89424
79431
49374
19256
19812
40723
78607
58927
64108
48356
48979
80036
32078
3394
2970
52904
91768
4859
85537
58253
16719
69028
1337
14958
39693
75801
99543
77008
27910
47616
3183
31883
36680
6744
58575
61752
73792
18239
90131
86428
76380
28551
11530
20655
88817
14297
89940
16094
82957
60272
19216
77591
73979
7682
74919
85125
37279
48137
6944
25509
78949
3963
42114
79295
34240
85395
11014
35733
6960
96304
59178
985
27450
56935
25946
8625
96538
81095
19344
79913
36095
36696
6985
24333
89943
86970
74510
20844
24485
84711
53214
53706
84508
40154
82579
76079
79061
54058
48863
48989
73838
59187
62887
21093
54077
64846
90872
52405
10682
73950
16785
45726
5961
99454
73277
58957
60201
71902
4120
44446
89031
75405
86325
76406
71349
13537
54773
23844
32744
39035
81019
33195
23418
92562
55184
68446
75408
60734
85627
22695
84432
29973
75544
86886
88233
13483
26295
42684
66770
72401
78132
47755
45153
41377
5891
44411
22091
80449
66891
95503
26797
33658
98684
8186
47707
37031
1838
7736
8897
94185
40163
58658
71545
62063
13939
75328
22108
27515
30347
28783
29470
44118
69752
26057
29912
6430
49618
82425
92916
24548
36129
52661
45804
51318
63788
57122
39178
1827
28952
74422
28141
36384
90606
60131
9649
43099
6526
25952
2987
56969
64554
20099
51927
81999
20001
50251
48347
13031
81136
65640
8421
62612
74840
43044
49950
88320
92480
93865
11372
28105
51186
95230
491
96121
89189
46441
99350
13255
10944
1723
94261
76053
10702
8936
22479
65162
5927
77225
16221
89821
40047
22242
86276
92983
70294
88379
17769
48931
59047
6470
32129
64411
20111
4384
45905
5007
16074
44496
63337
30910
87827
64584
7086
48798
72537
52720
31386
12003
22713
78428
30977
91707
83900
60589
97848
43320
95219
66268
73843
33756
53592
3944
93927
17622
15789
19821
48120
66193
64211
14287
3036
38440
8710
57394
84306
28276
37217
87088
45654
48125
73882
24773
99185
42545
71369
77226
32510
76997
41217
80121
98208
82929
49553
20689
71282
70457
97797
87778
936
30827
3416
28112
6112
83015
6543
62591
25059
41471
42356
34286
58209
73353
2872
22248
2162
55475
14204
56628
56383
70731
76923
32610
47960
87423
933
18894
9867
48636
28548
19749
89289
62469
30789
95544
82598
12888
38845
22948
8094
46965
14542
50371
93777
29222
16945
8215
36788
87953
50378
35
60947
30645
67876
95730
62638
38963
4802
300
6460
11728
86743
57343
83221
86803
81287
66989
28591
70792
44770
24411
75472
6596
29883
42905
80520
85345
91922
38813
27166
64629
59990
96165
46937
95634
28892
24299
32080
97581
66176
13057
56433
34261
78687
28557
35278
64347
14267
68243
12098
88339
85815
18907
48700
43135
3078
53350
29292
31791
39914
1781
76794
83408
86915
93679
53848
21251
40512
58139
294
71941
13653
64310
75723
27840
30740
81731
77360
12542
60266
40316
56150
19571
36969
90119
34344
76777
56577
5865
91187
33601
48634
7269
76566
98357
66365
83056
54384
14669
7736
92966
11870
39263
79249
44554
48669
78312
62253
47586
81188
59007
22091
24423
45273
13404
3035
19180
3390
31388
12692
8412
76421
92057
7089
16857
21882
92619
20822
63640
66428
72532
93346
49866
52683
45118
87772
74580
52960
82833
51052
33438
58628
78283
84733
19049
16337
85161
64148
99059
19373
58681
82639
4209
21901
81555
22135
70826
45773
16774
42047
36203
87669
70709
47794
45134
12005
52587
48638
25234
6648
38659
21946
81307
19517
60101
90207
14203
32714
17034
68559
62178
56683
43689
43982
6336
31153
99112
86565
91745
56131
83851
56088
58558
38794
85316
16917
36106
71672
91706
39459
23501
1853
69695
6449
41705
42562
62632
23054
81670
91728
41675
76131
54432
94147
30543